MSE:  6.037039774620203
MAE:  1.8178932377241608

