MSE:  7.756028206659876
MAE:  1.9974049250533832