MSE:  6.210627773648268
MAE:  1.841535217259326