MSE:  7.321809256903625
MAE:  1.9826637170339427