MSE:  6.63051981418116
MAE:  1.8948114745111222