MSE:  7.023535457245887
MAE:  1.9411935487767014